  3.699318144161860E-003  0.000000000000000E+000
  6.165530240269767E-003  0.000000000000000E+000
  8.631742336377674E-003  0.000000000000000E+000
  1.109795443248558E-002  0.000000000000000E+000
  1.356416652859349E-002  0.000000000000000E+000
  1.603037862470139E-002  0.000000000000000E+000
  1.849659072080930E-002  0.000000000000000E+000
  2.096280281691721E-002  0.000000000000000E+000
  2.342901491302511E-002  0.000000000000000E+000
  2.589522700913302E-002  0.000000000000000E+000
  2.836143910524093E-002  0.000000000000000E+000
  3.082765120134883E-002  0.000000000000000E+000
  3.329386329745674E-002  0.000000000000000E+000
  3.576007539356464E-002  0.000000000000000E+000
  3.822628748967255E-002  0.000000000000000E+000
  4.069249958578046E-002  0.000000000000000E+000
  4.315871168188837E-002  0.000000000000000E+000
  4.562492377799627E-002  0.000000000000000E+000
  4.809113587410418E-002  0.000000000000000E+000
  5.055734797021209E-002  0.000000000000000E+000
  5.302356006631999E-002  0.000000000000000E+000
  5.548977216242790E-002  0.000000000000000E+000
  5.795598425853581E-002  0.000000000000000E+000
  6.042219635464371E-002  0.000000000000000E+000
  6.288840845075162E-002  0.000000000000000E+000
  6.535462054685952E-002  0.000000000000000E+000
  6.782083264296743E-002  0.000000000000000E+000
  7.028704473907534E-002  0.000000000000000E+000
  7.275325683518324E-002  0.000000000000000E+000
  7.521946893129115E-002  0.000000000000000E+000
  7.768568102739906E-002  0.000000000000000E+000
  8.015189312350696E-002  0.000000000000000E+000
  8.261810521961487E-002  0.000000000000000E+000
  8.508431731572277E-002  0.000000000000000E+000
  8.755052941183068E-002  0.000000000000000E+000
  9.001674150793859E-002  0.000000000000000E+000
  9.248295360404650E-002  0.000000000000000E+000
  9.494916570015439E-002  0.000000000000000E+000
  9.741537779626230E-002  0.000000000000000E+000
  9.988158989237021E-002  0.000000000000000E+000
  0.102347801988478       0.000000000000000E+000
  0.104814014084586       0.000000000000000E+000
  0.107280226180694       0.000000000000000E+000
  0.109746438276802       0.000000000000000E+000
  0.112212650372910       0.000000000000000E+000
  0.114678862469018       0.000000000000000E+000
  0.117145074565126       0.000000000000000E+000
  0.119611286661233       0.000000000000000E+000
  0.122077498757341       0.000000000000000E+000
  0.124543710853449       0.000000000000000E+000
  0.127009922949557       0.000000000000000E+000
  0.129476135045665       0.000000000000000E+000
  0.131942347141773       0.000000000000000E+000
  0.134408559237881       0.000000000000000E+000
  0.136874771333989       0.000000000000000E+000
  0.139340983430097       0.000000000000000E+000
  0.141807195526205       0.000000000000000E+000
  0.144273407622313       0.000000000000000E+000
  0.146739619718420       0.000000000000000E+000
  0.149205831814528       0.000000000000000E+000
  0.151672043910636       0.000000000000000E+000
  0.154138256006744       0.000000000000000E+000
  0.156604468102852       0.000000000000000E+000
  0.159070680198960       0.000000000000000E+000
  0.161536892295068       0.000000000000000E+000
  0.164003104391176       0.000000000000000E+000
  0.166469316487284       0.000000000000000E+000
  0.168935528583392       0.000000000000000E+000
  0.171401740679500       0.000000000000000E+000
  0.173867952775607       0.000000000000000E+000
  0.176334164871715       0.000000000000000E+000
  0.178800376967823       0.000000000000000E+000
  0.181266589063931       0.000000000000000E+000
  0.183732801160039       0.000000000000000E+000
  0.186199013256147       0.000000000000000E+000
  0.188665225352255       0.000000000000000E+000
  0.191131437448363       0.000000000000000E+000
  0.193597649544471       0.000000000000000E+000
  0.196063861640579       0.000000000000000E+000
  0.198530073736686       0.000000000000000E+000
  0.200996285832794       0.000000000000000E+000
  0.203462497928902       0.000000000000000E+000
  0.205928710025010       0.000000000000000E+000
  0.208394922121118       0.000000000000000E+000
  0.210861134217226       0.000000000000000E+000
  0.213327346313334       0.000000000000000E+000
  0.215793558409442       0.000000000000000E+000
  0.218259770505550       0.000000000000000E+000
  0.220725982601658       0.000000000000000E+000
  0.223192194697766       0.000000000000000E+000
  0.225658406793873       0.000000000000000E+000
  0.228124618889981       0.000000000000000E+000
  0.230590830986089       0.000000000000000E+000
  0.233057043082197       0.000000000000000E+000
  0.235523255178305       0.000000000000000E+000
  0.237989467274413       0.000000000000000E+000
  0.240455679370521       0.000000000000000E+000
  0.242921891466629       0.000000000000000E+000
  0.245388103562737       0.000000000000000E+000
  0.247854315658845       0.000000000000000E+000
  0.250320527754953       0.000000000000000E+000
  0.252786739851060       0.000000000000000E+000
  0.255252951947168       0.000000000000000E+000
  0.257719164043276       0.000000000000000E+000
  0.260185376139384       0.000000000000000E+000
  0.262651588235492       0.000000000000000E+000
  0.265117800331600       0.000000000000000E+000
  0.267584012427708       0.000000000000000E+000
  0.270050224523816       0.000000000000000E+000
  0.272516436619924       0.000000000000000E+000
  0.274982648716032       0.000000000000000E+000
  0.277448860812139       0.000000000000000E+000
  0.279915072908247       0.000000000000000E+000
  0.282381285004355       0.000000000000000E+000
  0.284847497100463       0.000000000000000E+000
  0.287313709196571       0.000000000000000E+000
  0.289779921292679       0.000000000000000E+000
  0.292246133388787       0.000000000000000E+000
  0.294712345484895       0.000000000000000E+000
  0.297178557581003       0.000000000000000E+000
  0.299644769677111       0.000000000000000E+000
  0.302110981773219       0.000000000000000E+000
  0.304577193869326       0.000000000000000E+000
  0.307043405965434       0.000000000000000E+000
  0.309509618061542       0.000000000000000E+000
  0.311975830157650       0.000000000000000E+000
  0.314442042253758       0.000000000000000E+000
  0.316908254349866       0.000000000000000E+000
  0.319374466445974       0.000000000000000E+000
  0.321840678542082       0.000000000000000E+000
  0.324306890638190       0.000000000000000E+000
  0.326773102734298       0.000000000000000E+000
  0.329239314830406       0.000000000000000E+000
  0.331705526926513       0.000000000000000E+000
  0.334171739022621       0.000000000000000E+000
  0.336637951118729       0.000000000000000E+000
  0.339104163214837       0.000000000000000E+000
  0.341570375310945       0.000000000000000E+000
  0.344036587407053       0.000000000000000E+000
  0.346502799503161       0.000000000000000E+000
  0.348969011599269       0.000000000000000E+000
  0.351435223695377       0.000000000000000E+000
  0.353901435791485       0.000000000000000E+000
  0.356367647887593       0.000000000000000E+000
  0.358833859983700       0.000000000000000E+000
  0.361300072079808       0.000000000000000E+000
  0.363766284175916       0.000000000000000E+000
  0.366232496272024       0.000000000000000E+000
  0.368698708368132       0.000000000000000E+000
  0.371164920464240       0.000000000000000E+000
  0.373631132560348       0.000000000000000E+000
  0.376097344656456       0.000000000000000E+000
  0.378563556752564       0.000000000000000E+000
  0.381029768848672       0.000000000000000E+000
  0.383495980944779       0.000000000000000E+000
  0.385962193040887       0.000000000000000E+000
  0.388428405136995       0.000000000000000E+000
  0.390894617233103       0.000000000000000E+000
  0.393360829329211       0.000000000000000E+000
  0.395827041425319       0.000000000000000E+000
  0.398293253521427       0.000000000000000E+000
  0.400759465617535       0.000000000000000E+000
  0.403225677713643       0.000000000000000E+000
  0.405691889809751       0.000000000000000E+000
  0.408158101905859       0.000000000000000E+000
  0.410624314001966       0.000000000000000E+000
  0.413090526098074       0.000000000000000E+000
  0.415556738194182       0.000000000000000E+000
  0.418022950290290       0.000000000000000E+000
  0.420489162386398       0.000000000000000E+000
  0.422955374482506       0.000000000000000E+000
  0.425421586578614       0.000000000000000E+000
  0.427887798674722       0.000000000000000E+000
  0.430354010770830       0.000000000000000E+000
  0.432820222866938       0.000000000000000E+000
  0.435286434963045       0.000000000000000E+000
  0.437752647059153       0.000000000000000E+000
  0.440218859155261       0.000000000000000E+000
  0.442685071251369       0.000000000000000E+000
  0.445151283347477       0.000000000000000E+000
  0.447617495443585       0.000000000000000E+000
  0.450083707539693       0.000000000000000E+000
  0.452549919635801       0.000000000000000E+000
  0.455016131731909       0.000000000000000E+000
  0.457482343828017       0.000000000000000E+000
  0.459948555924125       0.000000000000000E+000
  0.462414768020232       0.000000000000000E+000
  0.464880980116340       0.000000000000000E+000
  0.467347192212448       0.000000000000000E+000
  0.469813404308556       0.000000000000000E+000
  0.472279616404664       0.000000000000000E+000
  0.474745828500772       0.000000000000000E+000
  0.477212040596880       0.000000000000000E+000
  0.479678252692988       0.000000000000000E+000
  0.482144464789096       0.000000000000000E+000
  0.484610676885204       0.000000000000000E+000
  0.487076888981312       0.000000000000000E+000
  0.489543101077419       0.000000000000000E+000
  0.492009313173527       0.000000000000000E+000
  0.494475525269635       0.000000000000000E+000
  0.496941737365743       0.000000000000000E+000
  0.499407949461851       0.000000000000000E+000
  0.501874161557959       0.000000000000000E+000
  0.504340373654067       0.000000000000000E+000
  0.506806585750175       0.000000000000000E+000
  0.509272797846283       0.000000000000000E+000
  0.511739009942391       0.000000000000000E+000
  0.514205222038498       0.000000000000000E+000
  0.516671434134606       0.000000000000000E+000
  0.519137646230714       0.000000000000000E+000
  0.521603858326822       0.000000000000000E+000
  0.524070070422930       0.000000000000000E+000
  0.526536282519038       0.000000000000000E+000
  0.529002494615146       0.000000000000000E+000
  0.531468706711254       0.000000000000000E+000
  0.533934918807362       0.000000000000000E+000
  0.536401130903470       0.000000000000000E+000
  0.538867342999578       0.000000000000000E+000
  0.541333555095685       0.000000000000000E+000
  0.543799767191793       0.000000000000000E+000
  0.546265979287901       0.000000000000000E+000
  0.548732191384009       0.000000000000000E+000
  0.551198403480117       0.000000000000000E+000
  0.553664615576225       0.000000000000000E+000
  0.556130827672333       0.000000000000000E+000
  0.558597039768441       0.000000000000000E+000
  0.561063251864549       0.000000000000000E+000
  0.563529463960657       0.000000000000000E+000
  0.565995676056765       0.000000000000000E+000
  0.568461888152872       0.000000000000000E+000
  0.570928100248980       0.000000000000000E+000
  0.573394312345088       0.000000000000000E+000
  0.575860524441196       0.000000000000000E+000
  0.578326736537304       0.000000000000000E+000
  0.580792948633412       0.000000000000000E+000
  0.583259160729520       0.000000000000000E+000
  0.585725372825628       0.000000000000000E+000
  0.588191584921736       0.000000000000000E+000
  0.590657797017844       0.000000000000000E+000
  0.593124009113951       0.000000000000000E+000
  0.595590221210059       0.000000000000000E+000
  0.598056433306167       0.000000000000000E+000
  0.600522645402275       0.000000000000000E+000
  0.602988857498383       0.000000000000000E+000
  0.605455069594491       0.000000000000000E+000
  0.607921281690599       0.000000000000000E+000
  0.610387493786707       0.000000000000000E+000
  0.612853705882815       0.000000000000000E+000
  0.615319917978923       0.000000000000000E+000
  0.617786130075031       0.000000000000000E+000
  0.620252342171138       0.000000000000000E+000
  0.622718554267246       0.000000000000000E+000
  0.625184766363354       0.000000000000000E+000
  0.627650978459462       0.000000000000000E+000
  0.630117190555570       0.000000000000000E+000
  0.632583402651678       0.000000000000000E+000
  0.635049614747786       0.000000000000000E+000
  0.637515826843894       0.000000000000000E+000
  0.639982038940002       0.000000000000000E+000
  0.642448251036110       0.000000000000000E+000
  0.644914463132218       0.000000000000000E+000
  0.647380675228325       0.000000000000000E+000
  0.649846887324433       0.000000000000000E+000
  0.652313099420541       0.000000000000000E+000
  0.654779311516649       0.000000000000000E+000
  0.657245523612757       0.000000000000000E+000
  0.659711735708865       0.000000000000000E+000
  0.662177947804973       0.000000000000000E+000
  0.664644159901081       0.000000000000000E+000
  0.667110371997189       0.000000000000000E+000
  0.669576584093297       0.000000000000000E+000
  0.672042796189405       0.000000000000000E+000
  0.674509008285512       0.000000000000000E+000
  0.676975220381620       0.000000000000000E+000
  0.679441432477728       0.000000000000000E+000
  0.681907644573836       0.000000000000000E+000
  0.684373856669944       0.000000000000000E+000
  0.686840068766052       0.000000000000000E+000
  0.689306280862160       0.000000000000000E+000
  0.691772492958268       0.000000000000000E+000
  0.694238705054376       0.000000000000000E+000
  0.696704917150484       0.000000000000000E+000
  0.699171129246592       0.000000000000000E+000
  0.701637341342699       0.000000000000000E+000
  0.704103553438807       0.000000000000000E+000
  0.706569765534915       0.000000000000000E+000
  0.709035977631023       0.000000000000000E+000
  0.711502189727131       0.000000000000000E+000
  0.713968401823239       0.000000000000000E+000
  0.716434613919347       0.000000000000000E+000
  0.718900826015455       0.000000000000000E+000
  0.721367038111563       0.000000000000000E+000
  0.723833250207671       0.000000000000000E+000
  0.726299462303779       0.000000000000000E+000
  0.728765674399886       0.000000000000000E+000
  0.731231886495994       0.000000000000000E+000
  0.733698098592102       0.000000000000000E+000
  0.736164310688210       0.000000000000000E+000
  0.738630522784318       0.000000000000000E+000
  0.741096734880426       0.000000000000000E+000
  0.743562946976534       0.000000000000000E+000
  0.746029159072642       0.000000000000000E+000
  0.748495371168750       0.000000000000000E+000
  0.750961583264858       0.000000000000000E+000
  0.753427795360965       0.000000000000000E+000
  0.755894007457073       0.000000000000000E+000
  0.758360219553181       0.000000000000000E+000
  0.760826431649289       0.000000000000000E+000
  0.763292643745397       0.000000000000000E+000
  0.765758855841505       0.000000000000000E+000
  0.768225067937613       0.000000000000000E+000
  0.770691280033721       0.000000000000000E+000
  0.773157492129829       0.000000000000000E+000
  0.775623704225937       0.000000000000000E+000
  0.778089916322044       0.000000000000000E+000
  0.780556128418152       0.000000000000000E+000
  0.783022340514260       0.000000000000000E+000
  0.785488552610368       0.000000000000000E+000
  0.787954764706476       0.000000000000000E+000
  0.790420976802584       0.000000000000000E+000
  0.792887188898692       0.000000000000000E+000
  0.795353400994800       0.000000000000000E+000
  0.797819613090908       0.000000000000000E+000
  0.800285825187016       0.000000000000000E+000
  0.802752037283124       0.000000000000000E+000
  0.805218249379231       0.000000000000000E+000
  0.807684461475339       0.000000000000000E+000
  0.810150673571447       0.000000000000000E+000
  0.812616885667555       0.000000000000000E+000
  0.815083097763663       0.000000000000000E+000
  0.817549309859771       0.000000000000000E+000
  0.820015521955879       0.000000000000000E+000
  0.822481734051987       0.000000000000000E+000
  0.824947946148095       0.000000000000000E+000
  0.827414158244203       0.000000000000000E+000
  0.829880370340311       0.000000000000000E+000
  0.832346582436418       0.000000000000000E+000
  0.834812794532526       0.000000000000000E+000
  0.837279006628634       0.000000000000000E+000
  0.839745218724742       0.000000000000000E+000
  0.842211430820850       0.000000000000000E+000
  0.844677642916958       0.000000000000000E+000
  0.847143855013066       0.000000000000000E+000
  0.849610067109174       0.000000000000000E+000
  0.852076279205282       0.000000000000000E+000
  0.854542491301390       0.000000000000000E+000
  0.857008703397498       0.000000000000000E+000
  0.859474915493605       0.000000000000000E+000
  0.861941127589713       0.000000000000000E+000
  0.864407339685821       0.000000000000000E+000
  0.866873551781929       0.000000000000000E+000
  0.869339763878037       0.000000000000000E+000
  0.871805975974145       0.000000000000000E+000
  0.874272188070253       0.000000000000000E+000
  0.876738400166361       0.000000000000000E+000
  0.879204612262469       0.000000000000000E+000
  0.881670824358577       0.000000000000000E+000
  0.884137036454684       0.000000000000000E+000
  0.886603248550792       0.000000000000000E+000
  0.889069460646900       0.000000000000000E+000
  0.891535672743008       0.000000000000000E+000
  0.894001884839116       0.000000000000000E+000
  0.896468096935224       0.000000000000000E+000
  0.898934309031332       0.000000000000000E+000
  0.901400521127440       0.000000000000000E+000
  0.903866733223548       0.000000000000000E+000
  0.906332945319656       0.000000000000000E+000
  0.908799157415764       0.000000000000000E+000
  0.911265369511871       0.000000000000000E+000
  0.913731581607979       0.000000000000000E+000
  0.916197793704087       0.000000000000000E+000
  0.918664005800195       0.000000000000000E+000
  0.921130217896303       0.000000000000000E+000
  0.923596429992411       0.000000000000000E+000
  0.926062642088519       0.000000000000000E+000
  0.928528854184627       0.000000000000000E+000
  0.930995066280735       0.000000000000000E+000
  0.933461278376843       0.000000000000000E+000
  0.935927490472951       0.000000000000000E+000
  0.938393702569058       0.000000000000000E+000
  0.940859914665166       0.000000000000000E+000
  0.943326126761274       0.000000000000000E+000
  0.945792338857382       0.000000000000000E+000
  0.948258550953490       0.000000000000000E+000
  0.950724763049598       0.000000000000000E+000
  0.953190975145706       0.000000000000000E+000
  0.955657187241814       0.000000000000000E+000
  0.958123399337922       0.000000000000000E+000
  0.960589611434030       0.000000000000000E+000
  0.963055823530138       0.000000000000000E+000
  0.965522035626245       0.000000000000000E+000
  0.967988247722353       0.000000000000000E+000
  0.970454459818461       0.000000000000000E+000
  0.972920671914569       0.000000000000000E+000
  0.975386884010677       0.000000000000000E+000
  0.977853096106785       0.000000000000000E+000
  0.980319308202893       0.000000000000000E+000
  0.982785520299001       0.000000000000000E+000
  0.985251732395109       0.000000000000000E+000
  0.987717944491217       0.000000000000000E+000
  0.990184156587325       0.000000000000000E+000
  0.992650368683432       0.000000000000000E+000
  0.995116580779540       0.000000000000000E+000
  0.997582792875648       0.000000000000000E+000
   1.00004900497176       0.000000000000000E+000
   1.00251521706786       0.000000000000000E+000
   1.00498142916397       0.000000000000000E+000
   1.00744764126008       0.000000000000000E+000
   1.00991385335619       0.000000000000000E+000
   1.01238006545230       0.000000000000000E+000
   1.01484627754840       0.000000000000000E+000
   1.01731248964451       0.000000000000000E+000
   1.01977870174062       0.000000000000000E+000
   1.02224491383673       0.000000000000000E+000
   1.02471112593284       0.000000000000000E+000
   1.02717733802894       0.000000000000000E+000
   1.02964355012505       0.000000000000000E+000
   1.03210976222116       0.000000000000000E+000
   1.03457597431727       0.000000000000000E+000
   1.03704218641337       0.000000000000000E+000
   1.03950839850948       0.000000000000000E+000
   1.04197461060559       0.000000000000000E+000
   1.04444082270170       0.000000000000000E+000
   1.04690703479781       0.000000000000000E+000
   1.04937324689391       0.000000000000000E+000
   1.05183945899002       0.000000000000000E+000
   1.05430567108613       0.000000000000000E+000
   1.05677188318224       0.000000000000000E+000
   1.05923809527835       0.000000000000000E+000
   1.06170430737445       0.000000000000000E+000
   1.06417051947056       0.000000000000000E+000
   1.06663673156667       0.000000000000000E+000
   1.06910294366278       0.000000000000000E+000
   1.07156915575889       0.000000000000000E+000
   1.07403536785499       0.000000000000000E+000
   1.07650157995110       0.000000000000000E+000
   1.07896779204721       0.000000000000000E+000
   1.08143400414332       0.000000000000000E+000
   1.08390021623942       0.000000000000000E+000
   1.08636642833553       0.000000000000000E+000
   1.08883264043164       0.000000000000000E+000
   1.09129885252775       0.000000000000000E+000
   1.09376506462386       0.000000000000000E+000
   1.09623127671996       0.000000000000000E+000
   1.09869748881607       0.000000000000000E+000
   1.10116370091218       0.000000000000000E+000
   1.10362991300829       0.000000000000000E+000
   1.10609612510440       0.000000000000000E+000
   1.10856233720050       0.000000000000000E+000
   1.11102854929661       0.000000000000000E+000
   1.11349476139272       0.000000000000000E+000
   1.11596097348883       0.000000000000000E+000
   1.11842718558494       0.000000000000000E+000
   1.12089339768104       0.000000000000000E+000
   1.12335960977715       0.000000000000000E+000
   1.12582582187326       0.000000000000000E+000
   1.12829203396937       0.000000000000000E+000
   1.13075824606548       0.000000000000000E+000
   1.13322445816158       0.000000000000000E+000
   1.13569067025769       0.000000000000000E+000
   1.13815688235380       0.000000000000000E+000
   1.14062309444991       0.000000000000000E+000
   1.14308930654601       0.000000000000000E+000
   1.14555551864212       0.000000000000000E+000
   1.14802173073823       0.000000000000000E+000
   1.15048794283434       0.000000000000000E+000
   1.15295415493045       0.000000000000000E+000
   1.15542036702655       0.000000000000000E+000
   1.15788657912266       0.000000000000000E+000
   1.16035279121877       0.000000000000000E+000
   1.16281900331488       0.000000000000000E+000
   1.16528521541099       0.000000000000000E+000
   1.16775142750709       0.000000000000000E+000
   1.17021763960320       0.000000000000000E+000
   1.17268385169931       0.000000000000000E+000
   1.17515006379542       0.000000000000000E+000
   1.17761627589153       0.000000000000000E+000
   1.18008248798763       0.000000000000000E+000
   1.18254870008374       0.000000000000000E+000
   1.18501491217985       0.000000000000000E+000
   1.18748112427596       0.000000000000000E+000
   1.18994733637206       0.000000000000000E+000
   1.19241354846817       0.000000000000000E+000
   1.19487976056428       0.000000000000000E+000
   1.19734597266039       0.000000000000000E+000
   1.19981218475650       0.000000000000000E+000
   1.20227839685260       0.000000000000000E+000
   1.20474460894871       0.000000000000000E+000
   1.20721082104482       0.000000000000000E+000
   1.20967703314093       0.000000000000000E+000
   1.21214324523704       0.000000000000000E+000
   1.21460945733314       0.000000000000000E+000
   1.21707566942925       0.000000000000000E+000
   1.21954188152536       0.000000000000000E+000
   1.22200809362147       0.000000000000000E+000
   1.22447430571758       0.000000000000000E+000
   1.22694051781368       0.000000000000000E+000
   1.22940672990979       0.000000000000000E+000
   1.23187294200590       0.000000000000000E+000
   1.23433915410201       0.000000000000000E+000
   1.23680536619812       0.000000000000000E+000
   1.23927157829422       0.000000000000000E+000
   1.24173779039033       0.000000000000000E+000
   1.24420400248644       0.000000000000000E+000
   1.24667021458255       0.000000000000000E+000
   1.24913642667865       0.000000000000000E+000
   1.25160263877476       0.000000000000000E+000
   1.25406885087087       0.000000000000000E+000
   1.25653506296698       0.000000000000000E+000
   1.25900127506309       0.000000000000000E+000
   1.26146748715919       0.000000000000000E+000
   1.26393369925530       0.000000000000000E+000
   1.26639991135141       0.000000000000000E+000
   1.26886612344752       0.000000000000000E+000
   1.27133233554363       0.000000000000000E+000
   1.27379854763973       0.000000000000000E+000
   1.27626475973584       0.000000000000000E+000
   1.27873097183195       0.000000000000000E+000
   1.28119718392806       0.000000000000000E+000
   1.28366339602417       0.000000000000000E+000
   1.28612960812027       0.000000000000000E+000
   1.28859582021638       0.000000000000000E+000
   1.29106203231249       0.000000000000000E+000
   1.29352824440860       0.000000000000000E+000
   1.29599445650470       0.000000000000000E+000
   1.29846066860081       0.000000000000000E+000
   1.30092688069692       0.000000000000000E+000
   1.30339309279303       0.000000000000000E+000
   1.30585930488914       0.000000000000000E+000
   1.30832551698524       0.000000000000000E+000
   1.31079172908135       0.000000000000000E+000
   1.31325794117746       0.000000000000000E+000
   1.31572415327357       0.000000000000000E+000
   1.31819036536968       0.000000000000000E+000
   1.32065657746578       0.000000000000000E+000
   1.32312278956189       0.000000000000000E+000
   1.32558900165800       0.000000000000000E+000
   1.32805521375411       0.000000000000000E+000
   1.33052142585022       0.000000000000000E+000
   1.33298763794632       0.000000000000000E+000
   1.33545385004243       0.000000000000000E+000
   1.33792006213854       0.000000000000000E+000
   1.34038627423465       0.000000000000000E+000
   1.34285248633076       0.000000000000000E+000
   1.34531869842686       0.000000000000000E+000
   1.34778491052297       0.000000000000000E+000
   1.35025112261908       0.000000000000000E+000
   1.35271733471519       0.000000000000000E+000
   1.35518354681129       0.000000000000000E+000
   1.35764975890740       0.000000000000000E+000
   1.36011597100351       0.000000000000000E+000
   1.36258218309962       0.000000000000000E+000
   1.36504839519573       0.000000000000000E+000
   1.36751460729183       0.000000000000000E+000
   1.36998081938794       0.000000000000000E+000
   1.37244703148405       0.000000000000000E+000
   1.37491324358016       0.000000000000000E+000
   1.37737945567627       0.000000000000000E+000
   1.37984566777237       0.000000000000000E+000
   1.38231187986848       0.000000000000000E+000
   1.38477809196459       0.000000000000000E+000
   1.38724430406070       0.000000000000000E+000
   1.38971051615681       0.000000000000000E+000
   1.39217672825291       0.000000000000000E+000
   1.39464294034902       0.000000000000000E+000
   1.39710915244513       0.000000000000000E+000
   1.39957536454124       0.000000000000000E+000
   1.40204157663734       0.000000000000000E+000
   1.40450778873345       0.000000000000000E+000
   1.40697400082956       0.000000000000000E+000
   1.40944021292567       0.000000000000000E+000
   1.41190642502178       0.000000000000000E+000
   1.41437263711788       0.000000000000000E+000
   1.41683884921399       0.000000000000000E+000
   1.41930506131010       0.000000000000000E+000
   1.42177127340621       0.000000000000000E+000
   1.42423748550232       0.000000000000000E+000
   1.42670369759842       0.000000000000000E+000
   1.42916990969453       0.000000000000000E+000
   1.43163612179064       0.000000000000000E+000
   1.43410233388675       0.000000000000000E+000
   1.43656854598286       0.000000000000000E+000
   1.43903475807896       0.000000000000000E+000
   1.44150097017507       0.000000000000000E+000
   1.44396718227118       0.000000000000000E+000
   1.44643339436729       0.000000000000000E+000
   1.44889960646339       0.000000000000000E+000
   1.45136581855950       0.000000000000000E+000
   1.45383203065561       0.000000000000000E+000
   1.45629824275172       0.000000000000000E+000
   1.45876445484783       0.000000000000000E+000
   1.46123066694393       0.000000000000000E+000
   1.46369687904004       0.000000000000000E+000
   1.46616309113615       0.000000000000000E+000
   1.46862930323226       0.000000000000000E+000
   1.47109551532837       0.000000000000000E+000
   1.47356172742447       0.000000000000000E+000
   1.47602793952058       0.000000000000000E+000
   1.47849415161669       0.000000000000000E+000
   1.48096036371280       0.000000000000000E+000
   1.48342657580891       0.000000000000000E+000
   1.48589278790501       0.000000000000000E+000
   1.48835900000112       0.000000000000000E+000
   1.49082521209723       0.000000000000000E+000
   1.49329142419334       0.000000000000000E+000
   1.49575763628945       0.000000000000000E+000
   1.49822384838555       0.000000000000000E+000
   1.50069006048166       0.000000000000000E+000
   1.50315627257777       0.000000000000000E+000
   1.50562248467388       0.000000000000000E+000
   1.50808869676998       0.000000000000000E+000
   1.51055490886609       0.000000000000000E+000
   1.51302112096220       0.000000000000000E+000
   1.51548733305831       0.000000000000000E+000
   1.51795354515442       0.000000000000000E+000
   1.52041975725052       0.000000000000000E+000
   1.52288596934663       0.000000000000000E+000
   1.52535218144274       0.000000000000000E+000
   1.52781839353885       0.000000000000000E+000
   1.53028460563496       0.000000000000000E+000
   1.53275081773106       0.000000000000000E+000
   1.53521702982717       0.000000000000000E+000
   1.53768324192328       0.000000000000000E+000
   1.54014945401939       0.000000000000000E+000
   1.54261566611550       0.000000000000000E+000
   1.54508187821160       0.000000000000000E+000
   1.54754809030771       0.000000000000000E+000
   1.55001430240382       0.000000000000000E+000
   1.55248051449993       0.000000000000000E+000
   1.55494672659604       0.000000000000000E+000
   1.55741293869214       0.000000000000000E+000
   1.55987915078825       0.000000000000000E+000
   1.56234536288436       0.000000000000000E+000
   1.56481157498047       0.000000000000000E+000
   1.56727778707657       0.000000000000000E+000
   1.56974399917268       0.000000000000000E+000
   1.57221021126879       0.000000000000000E+000
   1.57467642336490       0.000000000000000E+000
   1.57714263546101       0.000000000000000E+000
   1.57960884755711       0.000000000000000E+000
   1.58207505965322       0.000000000000000E+000
   1.58454127174933       0.000000000000000E+000
   1.58700748384544       0.000000000000000E+000
   1.58947369594155       0.000000000000000E+000
   1.59193990803765       0.000000000000000E+000
   1.59440612013376       0.000000000000000E+000
   1.59687233222987       0.000000000000000E+000
   1.59933854432598       0.000000000000000E+000
   1.60180475642209       0.000000000000000E+000
   1.60427096851819       0.000000000000000E+000
   1.60673718061430       0.000000000000000E+000
   1.60920339271041       0.000000000000000E+000
   1.61166960480652       0.000000000000000E+000
   1.61413581690262       0.000000000000000E+000
   1.61660202899873       0.000000000000000E+000
   1.61906824109484       0.000000000000000E+000
   1.62153445319095       0.000000000000000E+000
   1.62400066528706       0.000000000000000E+000
   1.62646687738316       0.000000000000000E+000
   1.62893308947927       0.000000000000000E+000
   1.63139930157538       0.000000000000000E+000
   1.63386551367149       0.000000000000000E+000
   1.63633172576760       0.000000000000000E+000
   1.63879793786370       0.000000000000000E+000
   1.64126414995981       0.000000000000000E+000
   1.64373036205592       0.000000000000000E+000
   1.64619657415203       0.000000000000000E+000
   1.64866278624814       0.000000000000000E+000
   1.65112899834424       0.000000000000000E+000
   1.65359521044035       0.000000000000000E+000
   1.65606142253646       0.000000000000000E+000
   1.65852763463257       0.000000000000000E+000
   1.66099384672868       0.000000000000000E+000
   1.66346005882478       0.000000000000000E+000
   1.66592627092089       0.000000000000000E+000
   1.66839248301700       0.000000000000000E+000
   1.67085869511311       0.000000000000000E+000
   1.67332490720921       0.000000000000000E+000
   1.67579111930532       0.000000000000000E+000
   1.67825733140143       0.000000000000000E+000
   1.68072354349754       0.000000000000000E+000
   1.68318975559365       0.000000000000000E+000
   1.68565596768975       0.000000000000000E+000
   1.68812217978586       0.000000000000000E+000
   1.69058839188197       0.000000000000000E+000
   1.69305460397808       0.000000000000000E+000
   1.69552081607419       0.000000000000000E+000
   1.69798702817029       0.000000000000000E+000
   1.70045324026640       0.000000000000000E+000
   1.70291945236251       0.000000000000000E+000
   1.70538566445862       0.000000000000000E+000
   1.70785187655473       0.000000000000000E+000
   1.71031808865083       0.000000000000000E+000
   1.71278430074694       0.000000000000000E+000
   1.71525051284305       0.000000000000000E+000
   1.71771672493916       0.000000000000000E+000
   1.72018293703526       0.000000000000000E+000
   1.72264914913137       0.000000000000000E+000
   1.72511536122748       0.000000000000000E+000
   1.72758157332359       0.000000000000000E+000
   1.73004778541970       0.000000000000000E+000
   1.73251399751580       0.000000000000000E+000
   1.73498020961191       0.000000000000000E+000
   1.73744642170802       0.000000000000000E+000
   1.73991263380413       0.000000000000000E+000
   1.74237884590024       0.000000000000000E+000
   1.74484505799634       0.000000000000000E+000
   1.74731127009245       0.000000000000000E+000
   1.74977748218856       0.000000000000000E+000
   1.75224369428467       0.000000000000000E+000
   1.75470990638078       0.000000000000000E+000
   1.75717611847688       0.000000000000000E+000
   1.75964233057299       0.000000000000000E+000
   1.76210854266910       0.000000000000000E+000
   1.76457475476521       0.000000000000000E+000
   1.76704096686131       0.000000000000000E+000
   1.76950717895742       0.000000000000000E+000
   1.77197339105353       0.000000000000000E+000
   1.77443960314964       0.000000000000000E+000
   1.77690581524575       0.000000000000000E+000
   1.77937202734185       0.000000000000000E+000
   1.78183823943796       0.000000000000000E+000
   1.78430445153407       0.000000000000000E+000
   1.78677066363018       0.000000000000000E+000
   1.78923687572629       0.000000000000000E+000
   1.79170308782239       0.000000000000000E+000
   1.79416929991850       0.000000000000000E+000
   1.79663551201461       0.000000000000000E+000
   1.79910172411072       0.000000000000000E+000
   1.80156793620683       0.000000000000000E+000
   1.80403414830293       0.000000000000000E+000
   1.80650036039904       0.000000000000000E+000
   1.80896657249515       0.000000000000000E+000
   1.81143278459126       0.000000000000000E+000
   1.81389899668737       0.000000000000000E+000
   1.81636520878347       0.000000000000000E+000
   1.81883142087958       0.000000000000000E+000
   1.82129763297569       0.000000000000000E+000
   1.82376384507180       0.000000000000000E+000
   1.82623005716790       0.000000000000000E+000
   1.82869626926401       0.000000000000000E+000
   1.83116248136012       0.000000000000000E+000
   1.83362869345623       0.000000000000000E+000
   1.83609490555234       0.000000000000000E+000
   1.83856111764844       0.000000000000000E+000
   1.84102732974455       0.000000000000000E+000
   1.84349354184066       0.000000000000000E+000
   1.84595975393677       0.000000000000000E+000
   1.84842596603288       0.000000000000000E+000
   1.85089217812898       0.000000000000000E+000
   1.85335839022509       0.000000000000000E+000
   1.85582460232120       0.000000000000000E+000
   1.85829081441731       0.000000000000000E+000
   1.86075702651342       0.000000000000000E+000
   1.86322323860952       0.000000000000000E+000
   1.86568945070563       0.000000000000000E+000
   1.86815566280174       0.000000000000000E+000
   1.87062187489785       0.000000000000000E+000
   1.87308808699396       0.000000000000000E+000
   1.87555429909006       0.000000000000000E+000
   1.87802051118617       0.000000000000000E+000
   1.88048672328228       0.000000000000000E+000
   1.88295293537839       0.000000000000000E+000
   1.88541914747449       0.000000000000000E+000
   1.88788535957060       0.000000000000000E+000
   1.89035157166671       0.000000000000000E+000
   1.89281778376282       0.000000000000000E+000
   1.89528399585893       0.000000000000000E+000
   1.89775020795503       0.000000000000000E+000
   1.90021642005114       0.000000000000000E+000
   1.90268263214725       0.000000000000000E+000
   1.90514884424336       0.000000000000000E+000
   1.90761505633947       0.000000000000000E+000
   1.91008126843557       0.000000000000000E+000
   1.91254748053168       0.000000000000000E+000
   1.91501369262779       0.000000000000000E+000
   1.91747990472390       0.000000000000000E+000
   1.91994611682001       0.000000000000000E+000
   1.92241232891611       0.000000000000000E+000
   1.92487854101222       0.000000000000000E+000
   1.92734475310833       0.000000000000000E+000
   1.92981096520444       0.000000000000000E+000
   1.93227717730054       0.000000000000000E+000
   1.93474338939665       0.000000000000000E+000
   1.93720960149276       0.000000000000000E+000
   1.93967581358887       0.000000000000000E+000
   1.94214202568498       0.000000000000000E+000
   1.94460823778108       0.000000000000000E+000
   1.94707444987719       0.000000000000000E+000
   1.94954066197330       0.000000000000000E+000
   1.95200687406941       0.000000000000000E+000
   1.95447308616552       0.000000000000000E+000
   1.95693929826162       0.000000000000000E+000
   1.95940551035773       0.000000000000000E+000
   1.96187172245384       0.000000000000000E+000
   1.96433793454995       0.000000000000000E+000
   1.96680414664606       0.000000000000000E+000
   1.96927035874216       0.000000000000000E+000
   1.97173657083827       0.000000000000000E+000
   1.97420278293438       0.000000000000000E+000
   1.97666899503049       0.000000000000000E+000
   1.97913520712660       0.000000000000000E+000
   1.98160141922270       0.000000000000000E+000
   1.98406763131881       0.000000000000000E+000
   1.98653384341492       0.000000000000000E+000
   1.98900005551103       0.000000000000000E+000
   1.99146626760713       0.000000000000000E+000
   1.99393247970324       0.000000000000000E+000
   1.99639869179935       0.000000000000000E+000
   1.99886490389546       0.000000000000000E+000
   2.00133111599157       0.000000000000000E+000
   2.00379732808767       0.000000000000000E+000
   2.00626354018378       0.000000000000000E+000
   2.00872975227989       0.000000000000000E+000
   2.01119596437600       0.000000000000000E+000
   2.01366217647211       0.000000000000000E+000
   2.01612838856821       0.000000000000000E+000
   2.01859460066432       0.000000000000000E+000
   2.02106081276043       0.000000000000000E+000
   2.02352702485654       0.000000000000000E+000
   2.02599323695265       0.000000000000000E+000
   2.02845944904875       0.000000000000000E+000
   2.03092566114486       0.000000000000000E+000
   2.03339187324097       0.000000000000000E+000
   2.03585808533708       0.000000000000000E+000
   2.03832429743318       0.000000000000000E+000
   2.04079050952929       0.000000000000000E+000
   2.04325672162540       0.000000000000000E+000
   2.04572293372151       0.000000000000000E+000
   2.04818914581762       0.000000000000000E+000
   2.05065535791372       0.000000000000000E+000
   2.05312157000983       0.000000000000000E+000
   2.05558778210594       0.000000000000000E+000
   2.05805399420205       0.000000000000000E+000
   2.06052020629816       0.000000000000000E+000
   2.06298641839426       0.000000000000000E+000
   2.06545263049037       0.000000000000000E+000
   2.06791884258648       0.000000000000000E+000
   2.07038505468259       0.000000000000000E+000
   2.07285126677870       0.000000000000000E+000
   2.07531747887480       0.000000000000000E+000
   2.07778369097091       0.000000000000000E+000
   2.08024990306702       0.000000000000000E+000
   2.08271611516313       0.000000000000000E+000
   2.08518232725923       0.000000000000000E+000
   2.08764853935534       0.000000000000000E+000
   2.09011475145145       0.000000000000000E+000
   2.09258096354756       0.000000000000000E+000
   2.09504717564367       0.000000000000000E+000
   2.09751338773977       0.000000000000000E+000
   2.09997959983588       0.000000000000000E+000
   2.10244581193199       0.000000000000000E+000
   2.10491202402810       0.000000000000000E+000
   2.10737823612421       0.000000000000000E+000
   2.10984444822031       0.000000000000000E+000
   2.11231066031642       0.000000000000000E+000
   2.11477687241253       0.000000000000000E+000
   2.11724308450864       0.000000000000000E+000
   2.11970929660475       0.000000000000000E+000
   2.12217550870085       0.000000000000000E+000
   2.12464172079696       0.000000000000000E+000
   2.12710793289307       0.000000000000000E+000
   2.12957414498918       0.000000000000000E+000
   2.13204035708529       0.000000000000000E+000
   2.13450656918139       0.000000000000000E+000
   2.13697278127750       0.000000000000000E+000
   2.13943899337361       0.000000000000000E+000
   2.14190520546972       0.000000000000000E+000
   2.14437141756582       0.000000000000000E+000
   2.14683762966193       0.000000000000000E+000
   2.14930384175804       0.000000000000000E+000
   2.15177005385415       0.000000000000000E+000
   2.15423626595026       0.000000000000000E+000
   2.15670247804636       0.000000000000000E+000
   2.15916869014247       0.000000000000000E+000
   2.16163490223858       0.000000000000000E+000
   2.16410111433469       0.000000000000000E+000
   2.16656732643080       0.000000000000000E+000
   2.16903353852690       0.000000000000000E+000
   2.17149975062301       0.000000000000000E+000
   2.17396596271912       0.000000000000000E+000
   2.17643217481523       0.000000000000000E+000
   2.17889838691134       0.000000000000000E+000
   2.18136459900744       0.000000000000000E+000
   2.18383081110355       0.000000000000000E+000
   2.18629702319966       0.000000000000000E+000
   2.18876323529577       0.000000000000000E+000
   2.19122944739187       0.000000000000000E+000
   2.19369565948798       0.000000000000000E+000
   2.19616187158409       0.000000000000000E+000
   2.19862808368020       0.000000000000000E+000
   2.20109429577631       0.000000000000000E+000
   2.20356050787241       0.000000000000000E+000
   2.20602671996852       0.000000000000000E+000
   2.20849293206463       0.000000000000000E+000
   2.21095914416074       0.000000000000000E+000
   2.21342535625685       0.000000000000000E+000
   2.21589156835295       0.000000000000000E+000
   2.21835778044906       0.000000000000000E+000
   2.22082399254517       0.000000000000000E+000
   2.22329020464128       0.000000000000000E+000
   2.22575641673739       0.000000000000000E+000
   2.22822262883349       0.000000000000000E+000
   2.23068884092960       0.000000000000000E+000
   2.23315505302571       0.000000000000000E+000
   2.23562126512182       0.000000000000000E+000
   2.23808747721793       0.000000000000000E+000
   2.24055368931403       0.000000000000000E+000
   2.24301990141014       0.000000000000000E+000
   2.24548611350625       0.000000000000000E+000
   2.24795232560236       0.000000000000000E+000
   2.25041853769846       0.000000000000000E+000
   2.25288474979457       0.000000000000000E+000
   2.25535096189068       0.000000000000000E+000
   2.25781717398679       0.000000000000000E+000
   2.26028338608290       0.000000000000000E+000
   2.26274959817900       0.000000000000000E+000
   2.26521581027511       0.000000000000000E+000
   2.26768202237122       0.000000000000000E+000
   2.27014823446733       0.000000000000000E+000
   2.27261444656344       0.000000000000000E+000
   2.27508065865954       0.000000000000000E+000
   2.27754687075565       0.000000000000000E+000
   2.28001308285176       0.000000000000000E+000
   2.28247929494787       0.000000000000000E+000
   2.28494550704398       0.000000000000000E+000
   2.28741171914008       0.000000000000000E+000
   2.28987793123619       0.000000000000000E+000
   2.29234414333230       0.000000000000000E+000
   2.29481035542841       0.000000000000000E+000
   2.29727656752452       0.000000000000000E+000
   2.29974277962062       0.000000000000000E+000
   2.30220899171673       0.000000000000000E+000
   2.30467520381284       0.000000000000000E+000
   2.30714141590895       0.000000000000000E+000
   2.30960762800505       0.000000000000000E+000
   2.31207384010116       0.000000000000000E+000
   2.31454005219727       0.000000000000000E+000
   2.31700626429338       0.000000000000000E+000
   2.31947247638949       0.000000000000000E+000
   2.32193868848559       0.000000000000000E+000
   2.32440490058170       0.000000000000000E+000
   2.32687111267781       0.000000000000000E+000
   2.32933732477392       0.000000000000000E+000
   2.33180353687003       0.000000000000000E+000
   2.33426974896613       0.000000000000000E+000
   2.33673596106224       0.000000000000000E+000
   2.33920217315835       0.000000000000000E+000
   2.34166838525446       0.000000000000000E+000
   2.34413459735056       0.000000000000000E+000
   2.34660080944667       0.000000000000000E+000
   2.34906702154278       0.000000000000000E+000
   2.35153323363889       0.000000000000000E+000
   2.35399944573500       0.000000000000000E+000
   2.35646565783110       0.000000000000000E+000
   2.35893186992721       0.000000000000000E+000
   2.36139808202332       0.000000000000000E+000
   2.36386429411943       0.000000000000000E+000
   2.36633050621554       0.000000000000000E+000
   2.36879671831164       0.000000000000000E+000
   2.37126293040775       0.000000000000000E+000
   2.37372914250386       0.000000000000000E+000
   2.37619535459997       0.000000000000000E+000
   2.37866156669608       0.000000000000000E+000
   2.38112777879218       0.000000000000000E+000
   2.38359399088829       0.000000000000000E+000
   2.38606020298440       0.000000000000000E+000
   2.38852641508051       0.000000000000000E+000
   2.39099262717662       0.000000000000000E+000
   2.39345883927272       0.000000000000000E+000
   2.39592505136883       0.000000000000000E+000
   2.39839126346494       0.000000000000000E+000
   2.40085747556105       0.000000000000000E+000
   2.40332368765716       0.000000000000000E+000
   2.40578989975326       0.000000000000000E+000
   2.40825611184937       0.000000000000000E+000
   2.41072232394548       0.000000000000000E+000
   2.41318853604159       0.000000000000000E+000
   2.41565474813769       0.000000000000000E+000
   2.41812096023380       0.000000000000000E+000
   2.42058717232991       0.000000000000000E+000
   2.42305338442602       0.000000000000000E+000
   2.42551959652213       0.000000000000000E+000
   2.42798580861823       0.000000000000000E+000
   2.43045202071434       0.000000000000000E+000
   2.43291823281045       0.000000000000000E+000
   2.43538444490656       0.000000000000000E+000
   2.43785065700267       0.000000000000000E+000
   2.44031686909877       0.000000000000000E+000
   2.44278308119488       0.000000000000000E+000
   2.44524929329099       0.000000000000000E+000
   2.44771550538710       0.000000000000000E+000
   2.45018171748321       0.000000000000000E+000
   2.45264792957931       0.000000000000000E+000
   2.45511414167542       0.000000000000000E+000
   2.45758035377153       0.000000000000000E+000
   2.46004656586764       0.000000000000000E+000
   2.46251277796374       0.000000000000000E+000
   2.46497899005985       0.000000000000000E+000
