   4.1523277075237897E-002   0.0000000000000000     
   6.9205461792063161E-002   0.0000000000000000     
   9.6887646508888425E-002   0.0000000000000000     
  0.12456983122571369        0.0000000000000000     
  0.15225201594253895        0.0000000000000000     
  0.17993420065936422        0.0000000000000000     
  0.20761638537618948        0.0000000000000000     
  0.23529857009301475        0.0000000000000000     
  0.26298075480984001        0.0000000000000000     
  0.29066293952666528        0.0000000000000000     
  0.31834512424349054        0.0000000000000000     
  0.34602730896031580        0.0000000000000000     
  0.37370949367714107        0.0000000000000000     
  0.40139167839396633        0.0000000000000000     
  0.42907386311079160        0.0000000000000000     
  0.45675604782761686        0.0000000000000000     
  0.48443823254444213        0.0000000000000000     
  0.51212041726126745        0.0000000000000000     
  0.53980260197809260        0.0000000000000000     
  0.56748478669491798        0.0000000000000000     
  0.59516697141174313        0.0000000000000000     
  0.62284915612856850        0.0000000000000000     
  0.65053134084539366        0.0000000000000000     
  0.67821352556221903        0.0000000000000000     
  0.70589571027904419        0.0000000000000000     
  0.73357789499586956        0.0000000000000000     
  0.76126007971269471        0.0000000000000000     
  0.78894226442952009       0.15621252995483748     
  0.81662444914634524       0.36685752546911010     
  0.84430663386317062       0.44733043741781914     
  0.87198881857999577       0.54863373412822902     
  0.89967100329682115        1.0243288268116586     
  0.92735318801364630       0.73309902598740850     
  0.95503537273047168       0.67861007523558614     
  0.98271755744729683       0.67556378312604881     
   1.0103997421641222       0.71893795271442063     
   1.0380819268809474       0.66170329311832632     
   1.0657641115977727       0.54769437804503629     
   1.0934462963145979       0.58065461881355063     
   1.1211284810314233       0.79938955500224262     
   1.1488106657482484       0.89521722243711832     
   1.1764928504650738        1.4873562812632171     
   1.2041750351818989        1.0325535174679807     
   1.2318572198987243        1.0431692328450328     
   1.2595394046155495        1.0017757290826494     
   1.2872215893323748        1.3402908762137515     
   1.3149037740492000        1.2765921394344732     
   1.3425859587660254        1.0098737891689844     
   1.3702681434828505       0.91045771629695627     
   1.3979503281996759       0.95073103857868269     
   1.4256325129165011        1.0088269657951547     
   1.4533146976333264       0.99303917938469188     
   1.4809968823501516        1.0044111367375432     
   1.5086790670669770        1.0243936226759291     
   1.5363612517838021        1.0972244662733155     
   1.5640434365006275        1.0989072432388338     
   1.5917256212174526        1.0556527821687323     
   1.6194078059342780        1.1231344063015634     
   1.6470899906511032        1.0440758319836383     
   1.6747721753679286        1.0132019281484579     
   1.7024543600847537        1.0043304330658476     
   1.7301365448015791        1.0552336157946938     
   1.7578187295184042       0.96913388752016638     
   1.7855009142352296        1.0245899431667829     
   1.8131830989520548        1.0889549476081439     
   1.8408652836688801        1.2221388784325065     
   1.8685474683857053        1.1406769767233034     
   1.8962296531025307        1.1288438393832103     
   1.9239118378193558        1.1742758106984061     
   1.9515940225361812        1.1142964010795613     
   1.9792762072530063        1.1748923266390936     
   2.0069583919698317       0.98331862206423026     
   2.0346405766866571       0.97492929248662930     
   2.0623227614034820       0.87444397770890614     
   2.0900049461203074       0.96968166277784973     
   2.1176871308371328       0.84587349345926333     
   2.1453693155539582       0.90006159833124666     
   2.1730515002707831        1.0114585752869765     
   2.2007336849876085       0.94018943757346540     
   2.2284158697044338       0.92392446125870353     
   2.2560980544212592        1.0147836816043605     
   2.2837802391380841        1.1023961739799397     
   2.3114624238549095        1.0282035968668173     
   2.3391446085717349        1.1845962183447363     
   2.3668267932885603        1.0795886153844425     
   2.3945089780053852        1.2026657414871624     
   2.4221911627222106        1.1605417025264078     
   2.4498733474390360        1.0553713465405239     
   2.4775555321558613        1.2514878658605626     
   2.5052377168726863        1.2234839682550642     
   2.5329199015895116        1.2309493004271359     
   2.5606020863063370        1.1064041402597991     
   2.5882842710231624        1.1771352322795230     
   2.6159664557399873        1.2018588462914723     
   2.6436486404568127        1.1657500010475332     
   2.6713308251736381        1.0621522628829836     
   2.6990130098904634        1.0960240230254095     
   2.7266951946072884        1.0436465275304381     
   2.7543773793241138       0.99520997419262858     
   2.7820595640409391       0.98874256888645695     
   2.8097417487577645       0.99107686825514474     
   2.8374239334745894       0.96300196185883002     
   2.8651061181914148        1.0202712056195271     
   2.8927883029082402        1.0003382672790233     
   2.9204704876250656        1.0204485025104930     
   2.9481526723418905        1.0916000844131830     
   2.9758348570587159        1.0626485188495223     
   3.0035170417755412        1.1064354229123010     
   3.0311992264923666        1.0920088915884196     
   3.0588814112091915        1.0715513569970894     
   3.0865635959260169        1.0719529749799428     
   3.1142457806428423        1.0113661724958212     
   3.1419279653596677        1.0109940329346925     
   3.1696101500764926        1.0526316098156676     
   3.1972923347933180       0.99275206160916263     
   3.2249745195101434       0.98744429395568323     
   3.2526567042269687       0.96537153354725092     
   3.2803388889437937        1.0804225606655913     
   3.3080210736606190        1.0873543824060876     
   3.3357032583774444        1.0582935000801772     
   3.3633854430942698        1.0283743602936759     
   3.3910676278110947       0.98210194007329310     
   3.4187498125279201       0.96608301155727527     
   3.4464319972447455       0.99860186341496349     
   3.4741141819615708       0.96603143422345961     
   3.5017963666783958        1.0190327125591163     
   3.5294785513952212        1.1208718650302016     
   3.5571607361120465        1.0676312040156823     
   3.5848429208288719        1.0924573377158975     
   3.6125251055456968        1.1051030557010879     
   3.6402072902625222        1.1293119429674794     
   3.6678894749793476        1.1508793025876756     
   3.6955716596961730        1.1206105395756336     
   3.7232538444129979        1.0626003771441608     
   3.7509360291298233        1.0399884114726339     
   3.7786182138466486        1.0335941913219686     
   3.8063003985634740        1.0576590850066185     
   3.8339825832802990        1.0238046174226960     
   3.8616647679971243        1.0360335023836005     
   3.8893469527139497        1.0131819111968792     
   3.9170291374307751        1.0203104229497648     
   3.9447113221476000        1.0493140340888134     
   3.9723935068644254        1.0904664328604905     
   4.0000756915812508        1.0234090523803321     
   4.0277578762980761        1.0367178139349527     
   4.0554400610149015        1.0125045132452650     
   4.0831222457317269       0.98151248844509742     
   4.1108044304485514       0.98133169646935214     
   4.1384866151653767        1.0371725252641846     
   4.1661687998822021        1.0281943866117564     
   4.1938509845990275       0.97376519351684299     
   4.2215331693158529       0.92284138201048704     
   4.2492153540326782       0.90674503274514973     
   4.2768975387495036       0.93425850894400697     
   4.3045797234663290       0.95879077861929363     
   4.3322619081831535        1.0447389447784707     
   4.3599440928999789        1.0083573433574935     
   4.3876262776168042        1.0070795914700221     
   4.4153084623336296        1.1151689305082439     
   4.4429906470504550        1.0669396782799583     
   4.4706728317672804        1.1071283786873973     
   4.4983550164841057        1.0998481923211103     
   4.5260372012009311        1.0330963623741540     
   4.5537193859177556        1.0204732892300750     
   4.5814015706345810        1.0325884773783094     
   4.6090837553514064        1.0658487959064586     
   4.6367659400682317        1.0823404211663685     
   4.6644481247850571        1.0831802941696140     
   4.6921303095018825        1.1129905710087822     
   4.7198124942187079        1.0859860010337168     
   4.7474946789355332        1.0419977966554308     
   4.7751768636523577        1.0700290838829980     
   4.8028590483691831        1.0736401805801450     
   4.8305412330860085        1.0454625841915761     
   4.8582234178028338        1.0167924449445165     
   4.8859056025196592        1.0550604741715535     
   4.9135877872364846        1.0367963858058620     
   4.9412699719533100        1.0658523890084459     
   4.9689521566701353        1.0550260691711273     
   4.9966343413869598        1.0339034529469087     
   5.0243165261037852        1.0468142646457963     
   5.0519987108206106        1.0825274768961126     
   5.0796808955374360        1.0392346487652226     
   5.1073630802542613        1.0216664835634517     
   5.1350452649710867        1.0936354369971091     
   5.1627274496879121        1.0853126170467942     
   5.1904096344047375        1.0848282063780037     
   5.2180918191215619        1.1225788379799380     
   5.2457740038383873        1.0680538530675003     
   5.2734561885552127        1.0810462994918859     
   5.3011383732720381        1.0584372635242552     
   5.3288205579888634        1.0640389001983259     
   5.3565027427056888        1.0232598256858538     
   5.3841849274225142        1.0526566094593184     
   5.4118671121393396        1.0448427395349256     
   5.4395492968561641        1.0361082010639728     
   5.4672314815729894        1.0516684057345125     
   5.4949136662898148        1.0384324978877195     
   5.5225958510066402       0.97370949668468465     
   5.5502780357234656       0.92878912049360052     
   5.5779602204402909       0.97729468328432900     
   5.6056424051571163       0.96507080332155437     
   5.6333245898739417       0.96740501407375201     
   5.6610067745907662       0.95884792579351907     
   5.6886889593075916       0.97464399702804616     
   5.7163711440244169        1.0026331750319539     
   5.7440533287412423        1.0121019641153246     
   5.7717355134580677       0.97080982046036701     
   5.7994176981748931       0.95257953647206450     
   5.8270998828917184       0.95248059365495152     
   5.8547820676085438       0.94337298176918782     
   5.8824642523253683       0.94738744321932999     
   5.9101464370421937       0.94074856572950549     
   5.9378286217590190       0.94572818363251077     
   5.9655108064758444       0.94986992017101102     
   5.9931929911926698       0.96393810306585692     
   6.0208751759094952       0.91869420407753088     
   6.0485573606263205       0.90527426587965876     
   6.0762395453431459       0.92533650663580036     
   6.1039217300599704       0.92804775005983986     
   6.1316039147767958       0.93623465231742342     
   6.1592860994936212       0.93219273841715755     
   6.1869682842104465       0.98385479439049461     
   6.2146504689272719       0.98547837320394327     
   6.2423326536440973       0.96910990461753532     
   6.2700148383609227       0.99740817305348073     
   6.2976970230777480       0.93785649736249121     
   6.3253792077945725       0.95190509311854432     
   6.3530613925113979       0.93862784311625702     
   6.3807435772282233       0.93091215414489870     
   6.4084257619450486       0.99481261394441389     
   6.4361079466618740       0.95032915560192543     
   6.4637901313786994       0.95634646676270230     
   6.4914723160955248       0.96004324086339199     
   6.5191545008123502       0.97023642370607688     
   6.5468366855291746       0.93482378818835565     
   6.5745188702460000       0.90386653878982537     
   6.6022010549628254       0.91369397615140235     
   6.6298832396796508       0.94123837329304616     
   6.6575654243964761       0.91028507045914508     
   6.6852476091133015       0.94531850791467420     
   6.7129297938301269        1.0064276933274658     
   6.7406119785469523       0.99419712543108441     
   6.7682941632637768       0.99176467557226056     
   6.7959763479806021       0.98354311740236022     
   6.8236585326974275       0.97782485101682937     
   6.8513407174142529       0.95334439265130999     
   6.8790229021310783       0.94151090378036306     
   6.9067050868479036       0.94121220639588798     
   6.9343872715647290       0.95293476190815052     
   6.9620694562815544       0.92494313267040751     
   6.9897516409983789       0.91418572878671023     
   7.0174338257152042       0.91046966002188190     
   7.0451160104320296       0.94354458381050976     
   7.0727981951488550       0.92363206644576124     
   7.1004803798656804       0.91889152973482691     
   7.1281625645825057       0.90742632724528272     
   7.1558447492993311       0.90462563047103817     
   7.1835269340161565       0.89420212747752803     
   7.2112091187329810       0.91743038144262001     
   7.2388913034498064       0.93864165149934320     
   7.2665734881666317       0.98704820818422079     
   7.2942556728834571        1.0017772984534898     
   7.3219378576002825       0.94555520852356745     
   7.3496200423171079       0.96047404906488731     
   7.3773022270339332       0.94255923262073027     
   7.4049844117507586       0.89460399694010706     
   7.4326665964675831       0.90894256238050508     
   7.4603487811844085       0.94523109511468417     
   7.4880309659012338       0.92128557563843061     
   7.5157131506180592       0.92813545429590594     
   7.5433953353348846       0.92326536086319777     
   7.5710775200517100       0.93940062093933274     
   7.5987597047685354        1.0014351986806682     
   7.6264418894853607        1.0051445825825531     
   7.6541240742021852        1.0071143900765893     
   7.6818062589190106        1.0037494689237516     
   7.7094884436358360       0.99787356652411219     
   7.7371706283526613       0.97417032635818279     
   7.7648528130694867       0.95516667655038967     
   7.7925349977863121       0.92984752442983432     
   7.8202171825031375       0.93522726732895367     
   7.8478993672199628       0.94030437717427784     
   7.8755815519367873       0.98417818215940278     
   7.9032637366536127       0.98660326544607702     
   7.9309459213704381       0.98323552765297118     
   7.9586281060872635       0.95960251841276589     
   7.9863102908040888       0.92004328860030304     
   8.0139924755209133       0.91485410822636470     
   8.0416746602377387       0.95455019381943929     
   8.0693568449545641       0.98846213826183782     
   8.0970390296713894        1.0148237016752768     
   8.1247212143882148        1.0182952555052600     
   8.1524033991050402        1.0018577247232157     
   8.1800855838218656        1.0037609512330379     
   8.2077677685386909        1.0010526032731761     
   8.2354499532555163        1.0049871293000647     
   8.2631321379723417       0.98572297054743963     
   8.2908143226891671       0.97610920083831443     
   8.3184965074059924       0.98529300189967517     
   8.3461786921228178       0.97941335365352022     
   8.3738608768396432       0.98038935038360497     
   8.4015430615564686       0.98835270470520742     
   8.4292252462732922       0.95972402281157498     
   8.4569074309901175       0.95198934927416923     
   8.4845896157069429       0.94864884345877820     
   8.5122718004237683       0.96429305175147606     
   8.5399539851405937       0.95846746590263554     
   8.5676361698574190       0.93849520439010925     
   8.5953183545742444       0.93013882050491437     
   8.6230005392910698       0.93299336021311252     
   8.6506827240078952       0.96625190626239621     
   8.6783649087247206        1.0289029367495166     
   8.7060470934415459        1.0117617933536387     
   8.7337292781583713       0.98763405978855923     
   8.7614114628751967       0.95689818448968678     
   8.7890936475920221       0.94518146478270482     
   8.8167758323088474       0.95345962144049046     
   8.8444580170256728       0.96313959009120054     
   8.8721402017424964       0.97076755598573050     
   8.8998223864593218       0.99599779137720656     
   8.9275045711761472       0.96899735000150056     
   8.9551867558929725       0.96946982240439894     
   8.9828689406097979       0.96210441085852194     
   9.0105511253266233       0.93317521252605495     
   9.0382333100434487       0.95108322076789409     
   9.0659154947602740       0.97104533973632190     
   9.0935976794770994       0.96844251909765133     
   9.1212798641939248        1.0106446648796445     
   9.1489620489107502       0.99769257999542549     
   9.1766442336275755       0.98404624383496975     
   9.2043264183444009       0.98119687607257378     
   9.2320086030612263       0.98371280277676243     
   9.2596907877780517        1.0214728966173576     
   9.2873729724948770       0.97643193423609986     
   9.3150551572117006       0.97417988205306572     
   9.3427373419285260       0.96070106703591940     
   9.3704195266453514        1.0141579078623062     
   9.3981017113621768        1.0122291318805177     
   9.4257838960790021        1.0062452459457898     
   9.4534660807958275       0.99775169002204833     
   9.4811482655126529       0.98207017316942602     
   9.5088304502294783       0.98897695752391779     
   9.5365126349463036        1.0048928194429181     
   9.5641948196631290        1.0169045841850943     
   9.5918770043799544       0.98474541557980466     
   9.6195591890967798       0.99583175852320271     
   9.6472413738136051       0.99278762490618278     
   9.6749235585304305       0.98666774832453830     
   9.7026057432472559       0.99469604208402052     
   9.7302879279640813        1.0098728721174564     
   9.7579701126809049        1.0052273829014036     
   9.7856522973977302        1.0017210543175405     
   9.8133344821145556       0.99782564635189164     
   9.8410166668313810        1.0211548326438922     
   9.8686988515482064        1.0182684311076664     
   9.8963810362650317        1.0033022179459157     
   9.9240632209818571        1.0059725794797563     
   9.9517454056986825        1.0185325355056085     
   9.9794275904155079        1.0098239428700131     
   10.007109775132333        1.0142892513153683     
   10.034791959849159        1.0083582338368680     
   10.062474144565984       0.98137976018723072     
   10.090156329282809       0.97447211536451672     
   10.117838513999635       0.96027125393122681     
   10.145520698716460       0.96620209955762515     
   10.173202883433285       0.96350708424041331     
   10.200885068150109        1.0064563143564826     
   10.228567252866934        1.0052834484272539     
   10.256249437583760       0.99149458441963567     
   10.283931622300585        1.0026944651398308     
   10.311613807017411        1.0190209472983383     
   10.339295991734236        1.0181589654392837     
   10.366978176451061        1.0187996245121176     
   10.394660361167887        1.0109805595063954     
   10.422342545884712       0.98674108006436745     
   10.450024730601537       0.99212919937967370     
   10.477706915318363        1.0208003736337525     
   10.505389100035188        1.0389996072721088     
   10.533071284752014        1.0312271303804958     
   10.560753469468839       0.98412741579257446     
   10.588435654185664       0.99997229910362273     
   10.616117838902490        1.0084857101080920     
   10.643800023619313        1.0180600490715457     
   10.671482208336139        1.0112885382063932     
   10.699164393052964        1.0098346548474662     
   10.726846577769789        1.0255659262011945     
   10.754528762486615        1.0197506847437723     
   10.782210947203440        1.0053293556132044     
   10.809893131920266        1.0015739537051016     
   10.837575316637091        1.0171796028490865     
   10.865257501353916        1.0233135423104769     
   10.892939686070742        1.0042312606875923     
   10.920621870787567        1.0249579081286422     
   10.948304055504392        1.0155855226918999     
   10.975986240221218        1.0368453760634166     
   11.003668424938043        1.0441221915396233     
   11.031350609654869        1.0441384132753162     
   11.059032794371694        1.0436711740074056     
   11.086714979088518        1.0547562031356652     
   11.114397163805343        1.0650831555617490     
   11.142079348522168        1.0308328046405311     
   11.169761533238994        1.0422564074532676     
   11.197443717955819        1.0234163319831604     
   11.225125902672644        1.0308388177848744     
   11.252808087389470        1.0056911662640662     
   11.280490272106295        1.0414106724486740     
   11.308172456823121        1.0578068144731039     
   11.335854641539946        1.0251196470423671     
   11.363536826256771        1.0077423590289252     
   11.391219010973597        1.0072097938224398     
   11.418901195690422        1.0357714163395138     
   11.446583380407247        1.0018792306497246     
   11.474265565124073       0.98641686150215735     
   11.501947749840898        1.0188688212396266     
   11.529629934557722        1.0218321308711695     
   11.557312119274547        1.0209353007570598     
   11.584994303991373        1.0108890907127248     
   11.612676488708198        1.0135187924899074     
   11.640358673425023        1.0102936379870480     
   11.668040858141849        1.0065116300436607     
   11.695723042858674       0.99277116585265512     
   11.723405227575499       0.98286932799297311     
   11.751087412292325       0.98783024312369816     
   11.778769597009150       0.98833242221146722     
   11.806451781725976       0.99344725692190083     
   11.834133966442801        1.0134655709215323     
   11.861816151159626       0.98026402072648244     
   11.889498335876452       0.99135617430368872     
   11.917180520593277       0.97103715171962635     
   11.944862705310102       0.98287647925576116     
   11.972544890026926       0.98243614406161350     
   12.000227074743751       0.97036475032016001     
   12.027909259460577       0.97267546825298545     
   12.055591444177402       0.98020661918015528     
   12.083273628894228       0.98302519320035509     
   12.110955813611053       0.97827273927121305     
   12.138637998327878       0.97561127029133043     
   12.166320183044704       0.98529757028601184     
   12.194002367761529       0.98916195760745218     
   12.221684552478354       0.96332174786836988     
   12.249366737195180       0.98585721724823416     
   12.277048921912005        1.0017422139603338     
   12.304731106628831       0.99751624738922828     
   12.332413291345656        1.0082092991251483     
   12.360095476062481       0.98131769735240182     
   12.387777660779307        1.0016499938260854     
   12.415459845496130        1.0141940844811397     
   12.443142030212956        1.0109021330802641     
   12.470824214929781        1.0134449706790347     
   12.498506399646606        1.0093690100727613     
   12.526188584363432        1.0034532432803345     
   12.553870769080257       0.99767266581370651     
   12.581552953797082       0.99830740391741868     
   12.609235138513908        1.0149866011440956     
   12.636917323230733       0.99959698300491939     
   12.664599507947559        1.0187852929537582     
   12.692281692664384        1.0408929159887781     
   12.719963877381209        1.0231839403933498     
   12.747646062098035        1.0190795600569063     
   12.775328246814860        1.0260972363183407     
   12.803010431531685        1.0114076395835188     
   12.830692616248511        1.0032119020030030     
   12.858374800965334       0.98894928141419880     
   12.886056985682160       0.99276491834952874     
   12.913739170398985       0.99253228970560525     
   12.941421355115811        1.0096984678469278     
   12.969103539832636        1.0071644342357091     
   12.996785724549461       0.99793276555867383     
   13.024467909266287       0.99494035090930200     
   13.052150093983112       0.99536458788270388     
   13.079832278699937       0.99001908460637456     
   13.107514463416763       0.97618342172060069     
   13.135196648133588       0.96219488202928483     
   13.162878832850414       0.98284663066037026     
   13.190561017567239       0.99930836061934447     
   13.218243202284064       0.97736547461360868     
   13.245925387000890       0.99256926824799030     
   13.273607571717715       0.98739501788284756     
   13.301289756434539       0.98440049272454855     
   13.328971941151364       0.98814928901833632     
   13.356654125868189       0.97987281884378430     
   13.384336310585015       0.98223255898125428     
   13.412018495301840       0.97264841083749298     
   13.439700680018666       0.98963014933944993     
   13.467382864735491       0.99184408000323054     
   13.495065049452316       0.99337127448232165     
   13.522747234169142       0.99651298832986546     
   13.550429418885967       0.99270754468581934     
   13.578111603602792       0.97530215542240839     
   13.605793788319618       0.98291659277076782     
   13.633475973036443       0.97614452653686345     
   13.661158157753269       0.97950957785329396     
   13.688840342470094       0.99014367729981723     
   13.716522527186919        1.0115767453565248     
   13.744204711903743        1.0000667925371522     
   13.771886896620568       0.98285255972379093     
   13.799569081337394       0.98937876740421626     
   13.827251266054219       0.98017116101543711     
   13.854933450771044       0.98183605467175927     
   13.882615635487870       0.97363293614247315     
   13.910297820204695       0.96634106619708449     
   13.937980004921521        1.0014527250752356     
   13.965662189638346        1.0008747242929870     
   13.993344374355171       0.97695854244685887     
   14.021026559071997       0.99413493605587799     
   14.048708743788822       0.97820563026843144     
   14.076390928505647       0.97518520646044737     
   14.104073113222473       0.98023356005964635     
   14.131755297939298       0.99442881867719324     
   14.159437482656124       0.98574629891804399     
   14.187119667372947       0.98667737473814587     
   14.214801852089773       0.96873190392063979     
   14.242484036806598       0.96199047510344948     
   14.270166221523423       0.98026375258371434     
   14.297848406240249       0.99235812091484510     
   14.325530590957074       0.98300871470018358     
   14.353212775673899       0.97323674545205230     
   14.380894960390725       0.97025191242069919     
   14.408577145107550       0.98057403498573226     
   14.436259329824376       0.98063009678510005     
   14.463941514541201       0.96711402994318763     
   14.491623699258026       0.97497381507024172     
   14.519305883974852       0.97724627639839345     
   14.546988068691677       0.98086307381511140     
   14.574670253408502       0.97006725634308522     
   14.602352438125328       0.99175459724510662     
   14.630034622842151       0.98842517903139948     
   14.657716807558977       0.98083597906800390     
   14.685398992275802       0.98428819209909080     
   14.713081176992628       0.95568844692701982     
   14.740763361709453       0.97676400431958066     
   14.768445546426278       0.98424697726679344     
   14.796127731143104       0.98805644797128545     
   14.823809915859929       0.99318672915946049     
   14.851492100576754       0.98560521351148900     
   14.879174285293580       0.99414054728467771     
   14.906856470010405       0.99156219043385585     
   14.934538654727231        1.0064165716157656     
   14.962220839444056       0.98540531653512198     
   14.989903024160881       0.98209022311230065     
   15.017585208877707       0.99326725086486900     
   15.045267393594532       0.98643751872559693     
   15.072949578311356       0.97047430296635162     
   15.100631763028181       0.97330233772933672     
   15.128313947745006       0.97083555388250853     
   15.155996132461832       0.97422045166706839     
   15.183678317178657       0.97942466888169766     
   15.211360501895482       0.96527085262498269     
   15.239042686612308       0.98239754448365224     
   15.266724871329133       0.97947965976335316     
   15.294407056045959       0.99473784464170245     
   15.322089240762784        1.0042097660597076     
   15.349771425479609       0.98769486067944479     
   15.377453610196435       0.97493139902739756     
   15.405135794913260       0.98740221625461222     
   15.432817979630086       0.97081567910548239     
   15.460500164346911       0.98530803443629889     
   15.488182349063736       0.98321440836149110     
   15.515864533780560       0.98343136531949682     
   15.543546718497385        1.0200373703592427     
   15.571228903214211        1.0054947237046248     
   15.598911087931036       0.99511818059054835     
   15.626593272647861       0.98967305714358511     
   15.654275457364687       0.99406955510382711     
   15.681957642081512        1.0143559078387365     
   15.709639826798337        1.0078693349584911     
   15.737322011515163        1.0232576610159285     
   15.765004196231988        1.0311315496741551     
   15.792686380948814        1.0192777572982488     
   15.820368565665639        1.0077553825420367     
   15.848050750382464       0.99972928574311037     
   15.875732935099290        1.0134584008371679     
   15.903415119816115        1.0267428160275591     
   15.931097304532940        1.0125774878282852     
   15.958779489249764        1.0079099332903456     
   15.986461673966589       0.99814627922209032     
   16.014143858683415       0.99637825438942229     
   16.041826043400242       0.99158132377713870     
   16.069508228117066        1.0114667094843675     
   16.097190412833893        1.0169127625362244     
   16.124872597550716        1.0148879971608753     
   16.152554782267543        1.0161453432034453     
   16.180236966984367        1.0309834135343088     
   16.207919151701191        1.0192693120684149     
   16.235601336418018        1.0092038257030962     
   16.263283521134841        1.0121556185573868     
   16.290965705851669        1.0116184533301489     
   16.318647890568492        1.0101720960228819     
   16.346330075285319        1.0384853721691223     
   16.374012260002143        1.0279531924598786     
   16.401694444718970        1.0151540694513372     
   16.429376629435794        1.0210639077939023     
   16.457058814152621        1.0222800175159394     
   16.484740998869444        1.0097419955966940     
   16.512423183586272        1.0163758562733221     
   16.540105368303095        1.0156214366768086     
   16.567787553019922        1.0226905670499296     
   16.595469737736746        1.0133703788498849     
   16.623151922453570        1.0284635934517115     
   16.650834107170397        1.0062164672859966     
   16.678516291887220        1.0058936860800021     
   16.706198476604047       0.98810561102909167     
   16.733880661320871       0.99377834865692749     
   16.761562846037698       0.98848884897411859     
   16.789245030754522       0.98638180582682500     
   16.816927215471349       0.99608107620621289     
   16.844609400188173       0.99870599147188244     
   16.872291584905000        1.0001109370285586     
   16.899973769621823       0.99593665663518383     
   16.927655954338650       0.99492245217493691     
   16.955338139055474        1.0014237990821182     
   16.983020323772301        1.0150337487190033     
   17.010702508489125        1.0061789399554308     
   17.038384693205952        1.0047922304081054     
   17.066066877922776        1.0063602402697462     
   17.093749062639599        1.0107755792123228     
   17.121431247356426        1.0077772637010816     
   17.149113432073250        1.0067342552319261     
   17.176795616790077       0.99496883762169208     
   17.204477801506901        1.0067121502546597     
   17.232159986223728        1.0042162592198318     
   17.259842170940551       0.99570118785180328     
   17.287524355657379        1.0118205737261281     
   17.315206540374202        1.0109175635304901     
   17.342888725091029        1.0197976400750122     
   17.370570909807853        1.0123048988567731     
   17.398253094524680        1.0147096809289278     
   17.425935279241504        1.0064887026087197     
   17.453617463958331       0.99608711054067123     
   17.481299648675154        1.0011500330472540     
   17.508981833391978        1.0039590147877564     
   17.536664018108805        1.0121274223749250     
   17.564346202825629        1.0028559149336305     
   17.592028387542456       0.99302280245877650     
   17.619710572259280       0.98303767042865431     
   17.647392756976107       0.98618407934517138     
   17.675074941692930       0.99862379448075522     
   17.702757126409757       0.99075865063629254     
   17.730439311126581       0.99967107867079763     
   17.758121495843408        1.0072764634658418     
   17.785803680560232        1.0221015198387058     
   17.813485865277059        1.0389022548010305     
   17.841168049993883        1.0160010595502145     
   17.868850234710710        1.0103078132106815     
   17.896532419427533        1.0157184279723472     
   17.924214604144360        1.0067578979897185     
   17.951896788861184       0.99828252661431083     
   17.979578973578008       0.99439902793233803     
   18.007261158294835       0.98910618584185772     
   18.034943343011658       0.99394166620290347     
   18.062625527728486       0.99419521508987518     
   18.090307712445309        1.0011425515117056     
   18.117989897162136       0.97865222824082765     
   18.145672081878960       0.98069863791050660     
   18.173354266595787       0.98313961451476939     
   18.201036451312611       0.98050485393083886     
   18.228718636029438       0.98552488926126014     
   18.256400820746261       0.98657598522182488     
   18.284083005463089       0.97855220354255446     
   18.311765190179912       0.96654053009500673     
   18.339447374896739       0.99081770856079199     
   18.367129559613563       0.98989445732767656     
   18.394811744330386       0.98525175182512426     
   18.422493929047214       0.98051846869801296     
   18.450176113764037       0.97756302746494383     
   18.477858298480864       0.97045599269162763     
   18.505540483197688       0.96395803670741909     
   18.533222667914515       0.97385989093290337     
   18.560904852631339       0.97222280766447111     
   18.588587037348166       0.98153634651841948     
   18.616269222064989       0.97992583289598567     
   18.643951406781817        1.0003247828558950     
   18.671633591498640       0.99041774728373266     
   18.699315776215467       0.98681170904271620     
   18.726997960932291       0.99221180266032738     
   18.754680145649118       0.98962083942483603     
   18.782362330365942       0.99492487313696587     
   18.810044515082769       0.98632166925429432     
   18.837726699799592       0.98043720375150756     
   18.865408884516416       0.99006861717776617     
   18.893091069233243       0.99595437247259189     
   18.920773253950067       0.99888074858845255     
   18.948455438666894       0.99821543600179197     
   18.976137623383718       0.99130678991862697     
   19.003819808100545       0.99417085754666146     
   19.031501992817368       0.99745865134318157     
   19.059184177534195       0.99551604080565992     
   19.086866362251019        1.0004142279992545     
   19.114548546967846       0.99971367807473543     
   19.142230731684670       0.99186489557932866     
   19.169912916401497        1.0122256843319068     
   19.197595101118321        1.0064828608323106     
   19.225277285835148        1.0065003099658298     
   19.252959470551971        1.0151282315734989     
   19.280641655268795        1.0246503721373543     
   19.308323839985622        1.0106108032957641     
   19.336006024702446        1.0063796314259597     
   19.363688209419273        1.0098623509048605     
   19.391370394136096       0.99464327565574540     
   19.419052578852924       0.99683377124005879     
   19.446734763569747        1.0043799114661334     
   19.474416948286574        1.0038259107457601     
   19.502099133003398        1.0167557943824075     
   19.529781317720225        1.0011060072442799     
   19.557463502437049       0.99567432566969483     
   19.585145687153876       0.99782832731331572     
   19.612827871870699       0.99360553366614934     
   19.640510056587527       0.99198845981984363     
   19.668192241304350       0.99371740033930822     
   19.695874426021177       0.99694480742730363     
   19.723556610738001       0.98681600441687212     
   19.751238795454825       0.99373028453982226     
   19.778920980171652       0.98871885279071980     
   19.806603164888475       0.99283357172705811     
   19.834285349605302       0.99613209442134643     
   19.861967534322126        1.0068350079294655     
   19.889649719038953       0.99834376196229890     
   19.917331903755777       0.99877303254394734     
   19.945014088472604       0.99471983081234949     
   19.972696273189428       0.99021343739329248     
   20.000378457906255       0.98108585185434327     
   20.028060642623078       0.96991694964537079     
   20.055742827339905       0.97734298751440429     
   20.083425012056729       0.97801803650320285     
   20.111107196773556       0.98180601678285107     
   20.138789381490380       0.98313059788677259     
   20.166471566207203       0.99258667937741130     
   20.194153750924031       0.98232400338837744     
   20.221835935640854       0.97747062926358885     
   20.249518120357681       0.97706433719564612     
   20.277200305074505       0.97739155509398579     
   20.304882489791332       0.97936943299229817     
   20.332564674508156       0.98994232731628173     
   20.360246859224983       0.98645268993911228     
   20.387929043941806       0.98682451782500413     
   20.415611228658634       0.97700551368735133     
   20.443293413375457       0.96971039553205118     
   20.470975598092284       0.97011862924226921     
   20.498657782809108       0.98326661348208177     
   20.526339967525935       0.98829956497032390     
   20.554022152242759       0.98830979054762524     
   20.581704336959586       0.98188635682863756     
   20.609386521676409       0.97800233252241564     
   20.637068706393233       0.98888102105150266     
   20.664750891110060       0.98476429113900421     
   20.692433075826884       0.98475149351878200     
   20.720115260543711       0.98522965005762364     
   20.747797445260534       0.98020254078308522     
   20.775479629977362       0.98312758674980327     
   20.803161814694185       0.98481832048801665     
   20.830843999411012       0.97785318293083612     
   20.858526184127836       0.98020772014193669     
   20.886208368844663       0.97934889231784539     
   20.913890553561487       0.98890441835187148     
   20.941572738278314       0.99167294749782720     
   20.969254922995137       0.98288087384210099     
   20.996937107711965       0.98208392844961390     
   21.024619292428788       0.98710201634655670     
   21.052301477145612       0.97715646063251704     
   21.079983661862439       0.98309559447006145     
   21.107665846579263       0.98852851214319415     
   21.135348031296090       0.99146015508654728     
   21.163030216012913       0.98067599870767264     
   21.190712400729740       0.98244883188643228     
   21.218394585446564       0.98167066414395754     
   21.246076770163391       0.97795140732128982     
   21.273758954880215       0.99741182703685827     
   21.301441139597042       0.97731033474352669     
   21.329123324313866       0.96973940949282345     
   21.356805509030693       0.96770624961011475     
   21.384487693747516       0.97809145254403240     
   21.412169878464343       0.98886902585308434     
   21.439852063181167       0.97942931306876957     
   21.467534247897994       0.99640113885003845     
   21.495216432614818       0.98440648759956217     
   21.522898617331641       0.98291418420019183     
   21.550580802048469       0.97609501364741302     
   21.578262986765292       0.97981929184985217     
   21.605945171482119       0.97837184763554597     
   21.633627356198943       0.98409123138838395     
   21.661309540915770       0.97936030475334601     
   21.688991725632594       0.98739773690034816     
   21.716673910349421       0.97587629891021710     
   21.744356095066244       0.98586124151344523     
   21.772038279783072       0.98809397467320326     
   21.799720464499895       0.98293265858064471     
   21.827402649216722       0.98159106143973329     
   21.855084833933546       0.98442112342587584     
   21.882767018650373       0.98503271282563021     
   21.910449203367197       0.99258818739749299     
   21.938131388084020       0.98626765381513115     
   21.965813572800847       0.97911548138292448     
   21.993495757517671       0.97116826937413325     
   22.021177942234498       0.98913647548033168     
   22.048860126951322       0.99257757000093183     
   22.076542311668149       0.97818729821411676     
   22.104224496384973       0.96430037785326539     
   22.131906681101800       0.96438078491556378     
   22.159588865818623       0.98589169009328925     
   22.187271050535450       0.98541057796188758     
   22.214953235252274       0.98911542499669691     
   22.242635419969101       0.98356082514052268     
   22.270317604685925       0.98757255343390316     
   22.297999789402752       0.97953016698760031     
   22.325681974119576       0.97615019544863302     
   22.353364158836403       0.96798357343163943     
   22.381046343553226       0.96891577637608206     
   22.408728528270050       0.96899710914891912     
   22.436410712986877       0.97326671429739819     
   22.464092897703701       0.98619817477300320     
   22.491775082420528       0.98495230666179956     
   22.519457267137351       0.98548068889746709     
   22.547139451854179       0.97852304924035849     
   22.574821636571002       0.97158424161935841     
   22.602503821287829       0.97898292234516970     
   22.630186006004653       0.99365179684209048     
   22.657868190721480       0.99700345185216366     
   22.685550375438304       0.99642672060470538     
   22.713232560155131       0.98726635770269366     
   22.740914744871954       0.99479564837808598     
   22.768596929588782       0.99132329786302942     
   22.796279114305605       0.99546641482133813     
   22.823961299022429       0.98505255385961099     
   22.851643483739256       0.97595567099543090     
   22.879325668456080       0.98614757572316381     
   22.907007853172907       0.98542545578078733     
   22.934690037889730       0.98396645698301921     
   22.962372222606557       0.97975914738561554     
   22.990054407323381       0.97480562011208394     
   23.017736592040208       0.97711591045428703     
   23.045418776757032       0.97316336508592716     
   23.073100961473859       0.97721874565930011     
   23.100783146190683       0.97823840718176680     
   23.128465330907510       0.96626158452811650     
   23.156147515624333       0.96771817238234814     
   23.183829700341160       0.97667993523305829     
   23.211511885057984       0.98033883160688873     
   23.239194069774811       0.98197367894428433     
   23.266876254491635       0.96940154842455240     
   23.294558439208458       0.97348274864034090     
   23.322240623925286       0.96975065994879472     
   23.349922808642109       0.97720646193196981     
   23.377604993358936       0.96558184393475155     
   23.405287178075760       0.98014732755971257     
   23.432969362792587       0.97928774216548531     
   23.460651547509411       0.98226120094357861     
   23.488333732226238       0.98005151494064680     
   23.516015916943061       0.97519674466558126     
   23.543698101659889       0.97305765450397008     
   23.571380286376712       0.97304494273064457     
   23.599062471093539       0.97767077588514306     
   23.626744655810363       0.97926969761160088     
   23.654426840527190       0.98873322494278848     
   23.682109025244014       0.98748391597601148     
   23.709791209960837       0.98137942849138604     
   23.737473394677664       0.97491844784969661     
   23.765155579394488       0.97180249418312004     
   23.792837764111315       0.97923942886606752     
   23.820519948828139       0.97770002935448042     
   23.848202133544966       0.97958468886755301     
   23.875884318261789       0.97547846150754225     
   23.903566502978617       0.98304548528250546     
   23.931248687695440       0.98319894726081691     
   23.958930872412267       0.98359133740307503     
   23.986613057129091       0.97735155348912106     
   24.014295241845918       0.98889930044726471     
   24.041977426562742       0.99630125704275507     
   24.069659611279569       0.98666719791885538     
   24.097341795996392       0.98657678923662728     
   24.125023980713220       0.99554046079471303     
   24.152706165430043       0.99522241168012260     
   24.180388350146867        1.0023872604934363     
   24.208070534863694        1.0137221509473580     
   24.235752719580518        1.0045274658671437     
   24.263434904297345        1.0052559816814941     
   24.291117089014168        1.0065881502589205     
   24.318799273730995       0.99965860183883415     
   24.346481458447819       0.99204882583620846     
   24.374163643164646       0.99371797127259731     
   24.401845827881470        1.0004974659209724     
   24.429528012598297        1.0013043680488354     
   24.457210197315121        1.0064944109826774     
   24.484892382031948        1.0036477833936959     
   24.512574566748771       0.99602599098318112     
   24.540256751465598       0.99444861332490586     
   24.567938936182422       0.98412581715712732     
   24.595621120899246       0.98443013708364824     
   24.623303305616073       0.98443053031352612     
   24.650985490332896       0.99249841305931064     
   24.678667675049724       0.99460976542763380     
   24.706349859766547       0.99363951959767349     
   24.734032044483374       0.99063553563332962     
   24.761714229200198       0.98220251563743377     
   24.789396413917025       0.98579525367653720     
   24.817078598633849       0.98345805866130920     
   24.844760783350676       0.98338684977645641     
   24.872442968067499       0.99370132038421821     
   24.900125152784327       0.98999893122448135     
   24.927807337501150       0.98245720694437311     
   24.955489522217977       0.98423943458755048     
   24.983171706934801       0.99741795115648491     
   25.010853891651628       0.99385066022371182     
   25.038536076368452       0.98841706127695872     
   25.066218261085275       0.98332287850517064     
   25.093900445802102       0.99180650922218316     
   25.121582630518926       0.98898735432647666     
   25.149264815235753       0.98887121415268653     
   25.176946999952577       0.99976384465093637     
   25.204629184669404       0.99940087704566938     
   25.232311369386228       0.99286038582130154     
   25.259993554103055       0.99470519522350676     
   25.287675738819878       0.99907071965737593     
   25.315357923536705       0.98979625384267966     
   25.343040108253529       0.99014548068392971     
   25.370722292970356       0.99054930708819644     
   25.398404477687180       0.98564058887136508     
   25.426086662404007       0.98476357769212630     
   25.453768847120831       0.98520010965907179     
   25.481451031837654       0.98818321151029864     
   25.509133216554481        1.0023042260395927     
   25.536815401271305        1.0046266395463912     
   25.564497585988132        1.0053191480380363     
   25.592179770704956        1.0025436269881416     
   25.619861955421783       0.99666185042057809     
   25.647544140138606       0.99463554150330036     
   25.675226324855434       0.99867943199033049     
   25.702908509572257       0.98769311291133255     
   25.730590694289084       0.99328556853305805     
   25.758272879005908       0.99536735398425591     
   25.785955063722735       0.99045584197999259     
   25.813637248439559       0.98725779900002153     
   25.841319433156386       0.98454561875887980     
   25.869001617873209       0.98626922583761512     
   25.896683802590037       0.98771504844417113     
   25.924365987306860       0.99018238424292815     
   25.952048172023684       0.99419874054544544     
   25.979730356740511       0.98895495054809779     
   26.007412541457334       0.99470382255861245     
   26.035094726174162       0.99434977262870006     
   26.062776910890985       0.99239409786590693     
   26.090459095607812       0.98574878497879759     
   26.118141280324636       0.98769617737131099     
   26.145823465041463       0.98757434467607463     
   26.173505649758287       0.98687387049075914     
   26.201187834475114       0.98413320803006910     
   26.228870019191938       0.98942990633999273     
   26.256552203908765       0.98901001080098916     
   26.284234388625588       0.98201815014977556     
   26.311916573342415       0.98116266763760140     
   26.339598758059239       0.99141160758981439     
   26.367280942776063       0.99454373251118389     
   26.394963127492890       0.98315221220843096     
   26.422645312209713       0.97913131156043343     
   26.450327496926541       0.98548817908043063     
   26.478009681643364       0.98487680302657354     
   26.505691866360191       0.99272828623204756     
   26.533374051077015       0.98251760315560188     
   26.561056235793842       0.98616195212555424     
   26.588738420510666       0.98402232482960628     
   26.616420605227493       0.97774649830664340     
   26.644102789944316       0.97669975288755517     
   26.671784974661144       0.97820390966336046     
   26.699467159377967       0.98195269395092644     
   26.727149344094794       0.98538086336405950     
   26.754831528811618       0.99164843406540049     
   26.782513713528445       0.99098292230443419     
   26.810195898245269       0.98475097740495232     
   26.837878082962092        1.0001073604466482     
   26.865560267678919        1.0035553349469826     
   26.893242452395743        1.0059721117056617     
   26.920924637112570       0.99610200288735884     
   26.948606821829394       0.98477293729555404     
   26.976289006546221       0.98449575803785905     
   27.003971191263044       0.99818076202960426     
   27.031653375979872        1.0064044276607453     
   27.059335560696695        1.0008576941201297     
   27.087017745413522       0.99291597583538571     
   27.114699930130346       0.99364867015368241     
   27.142382114847173       0.98903125515045065     
   27.170064299563997       0.99955351011462423     
   27.197746484280824       0.98845916640199805     
   27.225428668997647       0.98308288876585792     
   27.253110853714471       0.99886145010962235     
   27.280793038431298       0.99265851336655297     
   27.308475223148122       0.98773913283568926     
   27.336157407864949       0.98792807665153970     
   27.363839592581773       0.98706413218306355     
   27.391521777298600       0.99459805051202321     
   27.419203962015423        1.0027879830333417     
   27.446886146732250       0.99889663110785931     
   27.474568331449074       0.99856220803204820     
   27.502250516165901        1.0050588911226559     
   27.529932700882725       0.99984486660757088     
   27.557614885599552       0.99256934285231957     
   27.585297070316376       0.98684347749184109     
   27.612979255033203       0.97947377417749459     
   27.640661439750026       0.98609935367158730     
   27.668343624466853       0.98621689915425204     
